0 C6110000         23/06/19 1013               15                         109.00       
2 0 109.00             00 109.00        23/06/19          0000000000000000
0 C6110000         23/06/19 1012               15                         109.00       
2 0 109.00             00 109.00        23/06/19          0000000000000000
0 C6110000         11/04/19 1009               15                         40.00        
2 0 40.00              00 40.00         11/04/19          0000000000000000
0 C6110000         28/03/19 1007               15                         20.00        
2 0 23.40              00 23.40         28/03/19          0000000000000000
0 C6110000         27/03/19 1006               15                         5.00         
2 0 5.85               00 5.85          27/03/19          0000000000000000
0 C6110000         25/03/19 1005               15                         50.00        
2 0 58.50              00 58.50         25/03/19          0000000000000000
0 C6110000         18/03/19 1004               15                         1.00         
2 0 1.17               00 1.17          18/03/19          0000000000000000
0 C6110000         13/03/19 1003               15                         2.00         
2 0 2.34               00 2.34          13/03/19          0000000000000000
0 C6110000         11/03/19 1002               15                         11.00        
2 0 11.00              00 11.00         11/03/19          0000000000000000
0 C6110000         11/03/19 1001               15                         10.00        
2 0 10.00              00 10.00         11/03/19          0000000000000000
