0         C6300005 16/09/19          1088            32                          129.50
2 00        129.50 00        129.50 16/09/19          0000000000000000
0         C6300005 16/09/19          1087            32                           19.90
2 11         19.90 00         19.90 16/09/19          0000000000000000
0         C6300005 16/09/19          1086            32                          139.50
2 16        139.50 00        139.50 16/09/19          0000000000000000
0         C6300005 16/09/19          1085            32                           19.90
2 00         19.90 00         19.90 16/09/19          0000000000000000
0         C6300005 16/09/19          1084            32                           19.90
2 00         20.73 00         20.73 16/09/19          0000000000000000
0         C6300005 16/09/19          1083            32                           19.90
2 11         19.90 00         19.90 16/09/19          0000000000000000
0         C6300005 16/09/19          1082            32                           59.70
2 00         59.70 00         59.70 16/09/19          0000000000000000
0         C6300005 16/09/19          1081            32                           19.90
2 00         19.90 00         19.90 16/09/19          0000000000000000
0         C6300005 16/09/19          1079            32                           74.70
2 00         74.70 00         74.70 16/09/19          0000000000000000
0         C6300005 16/09/19          1080            32                           39.80
2 00         39.80 00         39.80 16/09/19          0000000000000000
0         C6300005 16/09/19          1078            32                           19.90
2 11         19.90 00         19.90 16/09/19          0000000000000000
0         C6300005 16/09/19          1077            32                           19.90
2 00         19.90 00         19.90 16/09/19          0000000000000000
0         C6300005 16/09/19          1076            32                           19.90
2 14         19.90 00         19.90 16/09/19          0000000000000000
0         C6300005 16/09/19          1075            32                           19.90
2 00         19.90 00         19.90 16/09/19          0000000000000000
0         C6300005 16/09/19          1074            32                           19.90
2 14         19.90 00         19.90 16/09/19          0000000000000000
0         C6300005 16/09/19          1073            32                           59.70
2 00         62.23 00         62.23 16/09/19          0000000000000000
0         C6300005 16/09/19          1072            32                           34.90
2 11         34.90 00         34.90 16/09/19          0000000000000000
0         C6300005 16/09/19          1071            32                           19.90
2 00         19.90 00         19.90 16/09/19          0000000000000000
0         C6300005 16/09/19          1070            32                           19.90
2 00         19.90 00         19.90 16/09/19          0000000000000000
0         C6300005 16/09/19          1069            32                           99.50
2 00        105.25 00        105.25 16/09/19          0000000000000000
0         C6300005 16/09/19          1068            32                           19.90
2 00         19.90 00         19.90 16/09/19          0000000000000000
0         C6300005 16/09/19          1067            32                           19.90
2 00         20.73 00         20.73 16/09/19          0000000000000000
0         C6300005 16/09/19          1066            32                           39.80
2 11         39.80 00         39.80 16/09/19          0000000000000000
0         C6300005 16/09/19          1065            32                           19.90
2 00         19.90 00         19.90 16/09/19          0000000000000000
0         C6300005 16/09/19          1064            32                           19.90
2 14         19.90 00         19.90 16/09/19          0000000000000000
0         C6300005 16/09/19          1063            32                