0         C6300005 26/07/22        135627            32                          186.20
2 14        186.20 00        186.20 26/07/22          0000000000000000
0         C6300005 26/07/22        135626            32                          298.44
2 14        298.44 00        298.44 26/07/22          0000000000000000
0         C6300005 26/07/22        135625            32                           59.00
2 12         59.00 00         59.00 26/07/22          0000000000000000
0         C6300005 26/07/22        135624            32                          325.88
2 14        325.88 00        325.88 26/07/22          0000000000000000
0         C6300005 26/07/22        135623            32                          339.00
2 12        339.00 00        339.00 26/07/22          0000000000000000
0         C6300005 26/07/22        135622            32                           74.20
2 14         74.20 00         74.20 26/07/22          0000000000000000
0         C6300005 26/07/22        135621            32                          122.44
2 12        122.44 00        122.44 26/07/22          0000000000000000
0         C6300005 26/07/22        135620            32                           98.20
2 14         98.20 00         98.20 26/07/22          0000000000000000
0         C6300005 26/07/22        135619            32                          666.44
2 18        666.44 00        666.44 26/07/22          0000000000000000
0         C6300005 26/07/22        135618            32                           99.00
2 14         99.00 00         99.00 26/07/22          0000000000000000
0         C6300005 26/07/22        135617            32                           98.20
2 12         98.20 00         98.20 26/07/22          0000000000000000
0         C6300005 26/07/22        135616            32                          325.88
2 14        325.88 00        325.88 26/07/22          0000000000000000
0         C6300005 26/07/22        135615            32                          338.20
2 12        338.20 00        338.20 26/07/22          0000000000000000
0         C6300005 26/07/22        135614            32                          475.00
2 12        475.00 00        475.00 26/07/22          0000000000000000
0         C6300005 26/07/22        135613            32                          119.00
2 14        119.00 00        119.00 26/07/22          0000000000000000
0         C6300005 26/07/22        135612            32                           96.84
2 14         96.84 00         96.84 26/07/22          0000000000000000
0         C6300005 26/07/22        135611            32                           51.00
2 14         51.00 00         51.00 26/07/22          0000000000000000
0         C6300005 26/07/22        135610            32                          386.68
2 12        386.68 00        386.68 26/07/22          0000000000000000
0         C6300005 26/07/22        135609            32                           90.20
2 14         90.20 00         90.20 26/07/22          0000000000000000
0         C6300005 26/07/22        135608            32                          171.64
2 12        171.64 00        171.64 26/07/22          0000000000000000
0         C6300005 26/07/22        135607            32                          298.44
2 12        298.44 00        298.44 26/07/22          0000000000000000
0         C6300005 26/07/22        135606            32                          259.00
2 14        259.00 00        259.00 26/07/22          0000000000000000
0         C6300005 26/07/22        135605            32                           99.00
2 14         99.00 00         99.00 26/07/22          0000000000000000
0         C6300005 26/07/22        135604            32                          179.00
2 12        179.00 00        179.00 26/07/22          0000000000000000
0         C6300005 26/07/22        135603            32                           99.00
2 14         99.00 00         99.00 26/07/22          0000000000000000
0         C6300005 26/07/22        135602            32                          298.44
2 12        298.44 00        298.44 26/07/22          0000000000000000
0         C6300005 26/07/22        135601            32                          339.00
2 14        339.00 00        339.00 26/07/22          0000000000000000
0         C6300005 26/07/22        135600            32                           99.00
2 14         99.00 00         99.00 26/07/22          0000000000000000
0         C6300005 26/07/22        135599            32                          147.24
2 12        147.24 00        147.24 26/07/22          0000000000000000
0         C6300005 26/07/22        135598            32                          113.40
2 14        113.40 00        113.40 26/07/22          0000000000000000
0         C6300005 26/07/22        135597            32                           99.00
2 14         99.00 00         99.00 26/07/22          0000000000000000
0         C6300005 26/07/22        135596            32                          614.68
2 14        614.68 00        614.68 26/07/22          0000000000000000
0         C6300005 26/07/22        135595            32                          398.44
2 14        398.44 00        398.44 26/07/22          0000000000000000
0         C6300005 26/07/22        135594            32                          151.00
2 12        151.00 00        151.00 26/07/22          0000000000000000
0         C6300005 26/07/22        135593            32                           99.00
2 14         99.00 00         99.00 26/07/22          0000000000000000
0         C6300005 26/07/22        135592            32                          227.24
2 12        227.24 00        227.24 26/07/22          0000000000000000
0         C6300005 26/07/22        135591            32                          208.28
2 14        208.28 00        208.28 26/07/22          0000000000000000
0         C6300005 26/07/22        135590            32                          283.00
2 14        283.00 00        283.00 26/07/22          0000000000000000
0         C6300005 26/07/22        135589            32                           99.00
2 12         99.00 00         99.00 26/07/22          0000000000000000
0         C6300005 26/07/22        135588            32                           99.00
2 14         99.00 00         99.00 26/07/22          0000000000000000
0         C6300005 26/07/22        135587            32                          122.20
2 12        122.20 00        122.20 26/07/22          0000000000000000
0         C6300005 26/07/22        135586            32                          456.84
2 14        456.84 00        456.84 26/07/22          0000000000000000
0         C6300005 26/07/22        135585            32                           39.00
2 14         39.00 00         39.00 26/07/22          0000000000000000
0         C6300005 26/07/22        135584            32                          227.00
2 14        227.00 00        227.00 26/07/22          0000000000000000
0         C6300005 26/07/22        135583            32                          591.24
2 14        591.24 00        591.24 26/07/22          0000000000000000
0         C6300005 26/07/22        135582            32                          179.00
2 14        179.00 00        179.00 26/07/22          0000000000000000
0         C6300005 26/07/22        135581            32                          139.00
2 14        139.00 00        139.00 26/07/22          0000000000000000
0         C6300005 26/07/22        135580            32                         1243.64
2 12       1243.64 00       1243.64 26/07/22          0000000000000000
0         C6300005 26/07/22        135579            32                          319.00
2 14        319.00 00        319.00 26/07/22          0000000000000000
0         C6300005 26/07/22        135578            32                          242.44
2 12        242.44 00        242.44 26/07/22          0000000000000000
0         C6300005 26/07/22        135577            32                           98.20
2 18         98.20 00         98.20 26/07/22          0000000000000000
0         C6300005 26/07/22        135576            32                           74.20
2 12         74.20 00         74.20 26/07/22          0000000000000000
0         C6300005 26/07/22        135575            32                           58.20
2 12         58.20 00         58.20 26/07/22          0000000000000000
0         C6300005 26/07/22        135574            32                          242.44
2 14        242.44 00        242.44 26/07/22          0000000000000000
0         C6300005 26/07/22        135573            32                          689.88
2 18        689.88 00        689.88 26/07/22          0000000000000000
0         C6300005 26/07/22        135572            32                          171.24
2 12        171.24 00        171.24 26/07/22          0000000000000000
0         C6300005 26/07/22        135571            32                           99.00
2 12         99.00 00         99.00 26/07/22          0000000000000000
0         C6300005 26/07/22        135570            32                           99.00
2 14         99.00 00         99.00 26/07/22          0000000000000000
0         C6300005 26/07/22        135569            32                          738.20
2 12        738.20 00        738.20 26/07/22          0000000000000000
0         C6300005 26/07/22        135568            32                          186.44
2 14        186.44 00        186.44 26/07/22          0000000000000000
0         C6300005 26/07/22        135567            32                          179.00
2 14        179.00 00        179.00 26/07/22          0000000000000000
0         C6300005 26/07/22        135566            32                          174.44
2 14        174.44 00        174.44 26/07/22          0000000000000000
0         C6300005 26/07/22        135565            32                           70.20
2 12         70.20 00         70.20 26/07/22          0000000000000000
0         C6300005 26/07/22        135564            32                          354.44
2 12        354.44 00        354.44 26/07/22          0000000000000000
0         C6300005 26/07/22        135563            32                          361.00
2 12        361.00 00        361.00 26/07/22          0000000000000000
0         C6300005 26/07/22        135562            32                          263.00
2 12        263.00 00        263.00 26/07/22          0000000000000000
0         C6300005 26/07/22        135561            32                          811.40
2 18        811.40 00        811.40 26/07/22          0000000000000000
0         C6300005 26/07/22        128591            32                          -20.00
2 14        -20.00 00        -20.00 26/07/22          0000000000000000
0         C6300005 26/07/22        131090            32                         -128.00
2 12       -128.00 00       -128.00 26/07/22          0000000000000000
0         C6300005 26/07/22        129458            32                          -48.00
2 14        -48.00 00        -48.00 26/07/22          0000000000000000
0         C6300005 26/07/22        129141            32                          -80.00
2 14        -80.00 00        -80.00 26/07/22          0000000000000000
0         C6300005 26/07/22        128840            32                         -465.88
2 12       -465.88 00       -465.88 26/07/22          0000000000000000
0         C6300005 26/07/22        129310            32                         -200.00
2 12       -200.00 00       -200.00 26/07/22          0000000000000000
0         C6300005 26/07/22        135560            32                          353.88
2 14        353.88 00        353.88 26/07/22          0000000000000000
0         C6300005 26/07/22        135559            32                          298.44
2 14        298.44 00        298.44 26/07/22          0000000000000000
0         C6300005 26/07/22        135552            32                         -109.00
2 12       -109.00 00       -109.00 26/07/22          0000000000000000
0         C6300005 26/07/22        135558            32                          138.20
2 12        138.20 00        138.20 26/07/22          0000000000000000
0         C6300005 26/07/22        135557            32                          323.84
2 14        323.84 00        323.84 26/07/22          0000000000000000
0         C6300005 26/07/22        135556            32                           99.00
2 14         99.00 00         99.00 26/07/22          0000000000000000
0         C6300005 26/07/22        135555            32                          311.00
2 14        311.00 00        311.00 26/07/22          0000000000000000
0         C6300005 26/07/22        135554            32                          198.20
2 12        198.20 00        198.20 26/07/22          0000000000000000
0         C6300005 26/07/22        130206            32                         -919.36
2 14       -919.36 00       -919.36 26/07/22          0000000000000000
0         C6300005 26/07/22        130799            32                         -409.88
2 14       -409.88 00       -409.88 26/07/22          0000000000000000
0         C6300005 26/07/22        129636            32                          -60.00
2 12        -60.00 00        -60.00 26/07/22          0000000000000000
0         C6300005 26/07/22        135553            32                          376.44
2 12        376.44 00        376.44 26/07/22          0000000000000000
0         C6300005 26/07/22        127793            32                          -87.20
2 12        -87.20 00        -87.20 26/07/22          0000000000000000
0         C6300005 26/07/22        131057            32                         -298.30
2 12       -298.30 00       -298.30 26/07/22          0000000000000000
0         C6300005 26/07/22        131111            32                         -160.00
2 14       -160.00 00       -160.00 26/07/22          0000000000000000
0         C6300005 26/07/22        135552            32                          186.20
2 12        186.20 00        186.20 26/07/22          0000000000000000
0         C6300005 26/07/22        135551            32                          186.20
2 12        186.20 00        186.20 26/07/22          0000000000000000
0         C6300005 26/07/22        135550            32                          230.68
2 14        230.68 00        230.68 26/07/22          0000000000000000
0         C6300005 26/07/22        135549            32                          215.00
2 12        215.00 00        215.00 26/07/22          0000000000000000
0         C6300005 26/07/22        135548            32                          224.60
2 14        224.60 00        224.60 26/07/22          0000000000000000
0         C6300005 26/07/22        135547            32                          179.00
2 14        179.00 00        179.00 26/07/22          0000000000000000
0         C6300005 26/07/22        135546            32                          499.00
2 12        499.00 00        499.00 26/07/22          0000000000000000
0         C6300005 26/07/22        135545            32                           99.00
2 12         99.00 00         99.00 26/07/22          0000000000000000
0         C6300005 26/07/22        135544            32                          618.44
2 12        618.44 00        618.44 26/07/22          0000000000000000
0         C6300005 26/07/22        135543            32                          214.44
2 14        214.44 00        214.44 26/07/22          0000000000000000
0         C6300005 26/07/22        135542            32                          318.52
2 12        318.52 00        318.52 26/07/22          0000000000000000
0         C6300005 26/07/22        135541            32                          122.20
2 14        122.20 00        122.20 26/07/22          0000000000000000
0         C6300005 26/07/22        131493            32                         -725.76
2 14       -725.76 00       -725.76 26/07/22          0000000000000000
0         C6300005 26/07/22        131406            32                          -75.00
2 12        -75.00 00        -75.00 26/07/22          0000000000000000
0         C6300005 26/07/22        128277            32                          -51.13
2 14        -51.13 00        -51.13 26/07/22          0000000000000000
0         C6300005 26/07/22        129920            32                         -207.44
2 14       -207.44 00       -207.44 26/07/22          0000000000000000
0         C6300005 26/07/22        127421            32                         -214.44
2 14       -214.44 00       -214.44 26/07/22          0000000000000000
0         C6300005 26/07/22        131152            32                         -993.92
2 12       -993.92 00       -993.92 26/07/22          0000000000000000
0         C6300005 26/07/22        135540            32                          259.00
2 14        259.00 00        259.00 26/07/22          0000000000000000
0         C6300005 26/07/22        129619            32                         -502.32
2 14       -502.32 00       -502.32 26/07/22          0000000000000000
0         C6300005 26/07/22        135539            32                          258.52
2 14        258.52 00        258.52 26/07/22          0000000000000000
0         C6300005 26/07/22        131346            32                         -167.20
2 12       -167.20 00       -167.20 26/07/22          0000000000000000
0         C6300005 26/07/22        129033            32                          -99.00
2 12        -99.00 00        -99.00 26/07/22          0000000000000000
0         C6300005 26/07/22        131420            32                         -100.00
2 14       -100.00 00       -100.00 26/07/22          0000000000000000
0         C6300005 26/07/22        131001            32                         -195.44
2 14       -195.44 00       -195.44 26/07/22          0000000000000000
0         C6300005 26/07/22        130158            32                         -193.40
2 14       -193.40 00       -193.40 26/07/22          0000000000000000
0         C6300005 26/07/22        131146            32                         -151.34
2 14       -151.34 00       -151.34 26/07/22          0000000000000000
0         C6300005 26/07/22        130703            32                         -160.00
2 12       -160.00 00       -160.00 26/07/22          0000000000000000
0         C6300005 26/07/22        135538            32                           74.20
2 14         74.20 00         74.20 26/07/22          0000000000000000
0         C6300005 26/07/22        135537            32                          242.44
2 14        242.44 00        242.44 26/07/22          0000000000000000
0         C6300005 26/07/22        135536            32                          259.00
2 12        259.00 00        259.00 26/07/22          0000000000000000
0         C6300005 26/07/22        135535            32                          545.64
2 14        545.64 00        545.64 26/07/22          0000000000000000
0         C6300005 26/07/22        131120            32                         -441.40
2 12       -441.40 00       -441.40 26/07/22          0000000000000000
0         C6300005 26/07/22        129032            32                          -80.00
2 14        -80.00 00        -80.00 26/07/22          0000000000000000
0         C6300005 26/07/22        129243            32                         -375.12
2 14       -375.12 00       -375.12 26/07/22          0000000000000000
0         C6300005 26/07/22        130630            32                          -60.00
2 12        -60.00 00        -60.00 26/07/22          0000000000000000
0         C6300005 26/07/22        129285            32                         -200.00
2 12       -200.00 00       -200.00 26/07/22          0000000000000000
0         C6300005 26/07/22        135534            32                          230.44
2 12        230.44 00        230.44 26/07/22          0000000000000000
0         C6300005 26/07/22        135533            32                          139.00
2 14        139.00 00        139.00 26/07/22          0000000000000000
0         C6300005 26/07/22        135532            32                          219.00
2 14        219.00 00        219.00 26/07/22          0000000000000000
0         C6300005 26/07/22        135531            32                           67.00
2 12         67.00 00         67.00 26/07/22          0000000000000000
0         C6300005 26/07/22        135530            32                          453.56
2 12        453.56 00        453.56 26/07/22          0000000000000000
0         C6300005 26/07/22        135529            32                           51.00
2 14         51.00 00         51.00 26/07/22          0000000000000000
0         C6300005 26/07/22        135528            32                          406.44
2 12        406.44 00        406.44 26/07/22          0000000000000000
0         C6300005 26/07/22        135527            32                          329.64
2 14        329.64 00        329.64 26/07/22          0000000000000000
0         C6300005 26/07/22        135526            32                          353.88
2 14        353.88 00        353.88 26/07/22          0000000000000000
0         C6300005 26/07/22        135525            32                           59.00
2 12         59.00 00         59.00 26/07/22          0000000000000000
0         C6300005 26/07/22        135524            32                          354.44
2 14        354.44 00        354.44 26/07/22          0000000000000000
0         C6300005 26/07/22        135523            32                          115.00
2 12        115.00 00        115.00 26/07/22          0000000000000000
0         C6300005 26/07/22        135522            32                          199.00
2 12        199.00 00        199.00 26/07/22          0000000000000000
0         C6300005 26/07/22        135521            32                          259.00
2 12        259.00 00        259.00 26/07/22          0000000000000000
0         C6300005 26/07/22        135520            32                          179.00
2 12        179.00 00        179.00 26/07/22          0000000000000000
0         C6300005 26/07/22        129268            32                         -127.20
2 14       -127.20 00       -127.20 26/07/22          0000000000000000
0         C6300005 26/07/22        128672            32                         -179.00
2 12       -179.00 00       -179.00 26/07/22          0000000000000000
0         C6300005 26/07/22        126504            32                          -40.00
2 14        -40.00 00        -40.00 26/07/22          0000000000000000
0         C6300005 26/07/22        130271            32                         -239.52
2 14       -239.52 00       -239.52 26/07/22          0000000000000000
0         C6300005 26/07/22        130811            32                         -107.80
2 18       -107.80 00       -107.80 26/07/22          0000000000000000
0         C6300005 26/07/22        127149            32                          -87.20
2 12        -87.20 00        -87.20 26/07/22          0000000000000000
0         C6300005 26/07/22        130876            32                         -179.00
2 12       -179.00 00       -179.00 26/07/22          0000000000000000
0         C6300005 26/07/22        135519            32                          259.00
2 12        259.00 00        259.00 26/07/22          0000000000000000
0         C6300005 26/07/22        135518            32                           51.00
2 14         51.00 00         51.00 26/07/22          0000000000000000
0         C6300005 26/07/22        135517            32                          179.00
2 12        179.00 00        179.00 26/07/22          0000000000000000
0         C6300005 26/07/22        135516            32                          493.88
2 14        493.88 00        493.88 26/07/22          0000000000000000
0         C6300005 26/07/22        135515            32                           59.00
2 12         59.00 00         59.00 26/07/22          0000000000000000
0         C6300005 26/07/22        135514            32                          793.21
2 12        793.21 00        793.21 26/07/22          0000000000000000
0         C6300005 26/07/22        135513            32                           99.00
2 14         99.00 00         99.00 26/07/22          0000000000000000
0         C6300005 26/07/22        135512            32                           59.00
2 14         59.00 00         59.00 26/07/22          0000000000000000
0         C6300005 26/07/22        135511            32                          339.00
2 14        339.00 00        339.00 26/07/22          0000000000000000
0         C6300005 26/07/22        135510            32                          577.88
2 14        577.88 00        577.88 26/07/22          0000000000000000
0         C6300005 26/07/22        135509            32                          179.00
2 12        179.00 00        179.00 26/07/22          0000000000000000
0         C6300005 26/07/22        135508            32                          214.44
2 12        214.44 00        214.44 26/07/22          0000000000000000
0         C6300005 26/07/22        135507            32                           58.20
2 14         58.20 00         58.20 26/07/22          0000000000000000
0         C6300005 26/07/22        135506            32                          293.96
2 12        293.96 00        293.96 26/07/22          0000000000000000
0         C6300005 26/07/22        135505            32                           98.20
2 14         98.20 00         98.20 26/07/22          0000000000000000
0         C6300005 26/07/22        135504            32                          139.00
2 14        139.00 00        139.00 26/07/22          0000000000000000
0         C6300005 26/07/22        135503            32                          139.00
2 14        139.00 00        139.00 26/07/22          0000000000000000
0         C6300005 26/07/22        135502            32                          259.00
2 12        259.00 00        259.00 26/07/22          0000000000000000
0         C6300005 26/07/22        135501            32                           99.00
2 14         99.00 00         99.00 26/07/22          0000000000000000
0         C6300005 26/07/22        131167            32                         -150.00
2 12       -150.00 00       -150.00 26/07/22          0000000000000000
0         C6300005 26/07/22        129771            32                          -99.00
2 14        -99.00 00        -99.00 26/07/22          0000000000000000
0         C6300005 26/07/22        130227            32                         -354.52
2 14       -354.52 00       -354.52 26/07/22          0000000000000000
0         C6300005 26/07/22        135500            32                          186.20
2 14        186.20 00        186.20 26/07/22          0000000000000000
0         C6300005 26/07/22        131269            32                         -522.90
2 14       -522.90 00       -522.90 26/07/22          0000000000000000
0         C6300005 26/07/22        129507            32                          -80.00
2 14        -80.00 00        -80.00 26/07/22          0000000000000000
0         C6300005 26/07/22        129216            32                         -339.00
2 14       -339.00 00       -339.00 26/07/22          0000000000000000
0         C6300005 26/07/22        135499            32                          453.40
2 12        453.40 00        453.40 26/07/22          0000000000000000
0         C6300005 26/07/22        131624            32                         -100.00
2 12       -100.00 00       -100.00 26/07/22          0000000000000000
0         C6300005 26/07/22        129003            32                          -80.00
2 12        -80.00 00        -80.00 26/07/22          0000000000000000
0         C6300005 26/07/22        131304            32                          -95.52
2 12        -95.52 00        -95.52 26/07/22          0000000000000000
0         C6300005 26/07/22        129173            32                          -20.00
2 12        -20.00 00        -20.00 26/07/22          0000000000000000
0         C6300005 26/07/22        129088            32                         -540.80
2 14       -540.80 00       -540.80 26/07/22          0000000000000000
0         C6300005 26/07/22        135498            32                           59.00
2 12         59.00 00         59.00 26/07/22          0000000000000000
0         C6300005 26/07/22        135497            32                          479.80
2 12        479.80 00        479.80 26/07/22          0000000000000000
0         C6300005 26/07/22        131055            32                         -102.44
2 14       -102.44 00       -102.44 26/07/22          0000000000000000
0         C6300005 26/07/22        131055            32                         -223.44
2 14       -223.44 00       -223.44 26/07/22          0000000000000000
0         C6300005 26/07/22        131055            32                         -139.44
2 14       -139.44 00       -139.44 26/07/22          0000000000000000
0         C6300005 26/07/22        130792            32                         -150.00
2 14       -150.00 00       -150.00 26/07/22          0000000000000000
0         C6300005 26/07/22        127953            32                          -80.00
2 14        -80.00 00        -80.00 26/07/22          0000000000000000
0         C6300005 26/07/22        135496            32                           59.00
2 12         59.00 00         59.00 26/07/22          0000000000000000
0         C6300005 26/07/22        131399            32                         -139.44
2 12       -139.44 00       -139.44 26/07/22          0000000000000000
0         C6300005 26/07/22        135495            32                          334.20
2 14        334.20 00        334.20 26/07/22          0000000000000000
0         C6300005 26/07/22        128529            32                         -611.44
2 14       -611.44 00       -611.44 26/07/22          0000000000000000
0         C6300005 26/07/22        135494            32                           99.00
2 14         99.00 00         99.00 26/07/22          0000000000000000
0         C6300005 26/07/22        135493            32                          119.00
2 12        119.00 00        119.00 26/07/22          0000000000000000
0         C6300005 26/07/22        135492            32                          354.44
2 14        354.44 00        354.44 26/07/22          0000000000000000
0         C6300005 26/07/22        135491            32                          298.44
2 14        298.44 00        298.44 26/07/22          0000000000000000
0         C6300005 26/07/22        135490            32                         1033.80
2 14       1033.80 00       1033.80 26/07/22          0000000000000000
0         C6300005 26/07/22        129787            32                         -160.00
2 12       -160.00 00       -160.00 26/07/22          0000000000000000
0         C6300005 26/07/22        131228            32                         -195.44
2 14       -195.44 00       -195.44 26/07/22          0000000000000000
0         C6300005 26/07/22        130990            32                         -108.00
2 14       -108.00 00       -108.00 26/07/22          0000000000000000
0         C6300005 26/07/22        129573            32                         -200.00
2 14       -200.00 00       -200.00 26/07/22          0000000000000000
0         C6300005 26/07/22        135489            32                         1185.56
2 12       1185.56 00       1185.56 26/07/22          0000000000000000
0         C6300005 26/07/22        135488            32                          387.00
2 14        387.00 00        387.00 26/07/22          0000000000000000
0         C6300005 26/07/22        135487            32                          214.44
2 12        214.44 00        214.44 26/07/22          0000000000000000
0         C6300005 26/07/22        135486            32                          242.44
2 14        242.44 00        242.44 26/07/22          0000000000000000
0         C6300005 26/07/22        135485            32                          259.00
2 14        259.00 00        259.00 26/07/22          0000000000000000
0         C6300005 26/07/22        135484            32                           59.00
2 12         59.00 00         59.00 26/07/22          0000000000000000
0         C6300005 26/07/22        135483            32                          121.40
2 14        121.40 00        121.40 26/07/22          0000000000000000
0         C6300005 26/07/22        135482            32                          400.84
2 12        400.84 00        400.84 26/07/22          0000000000000000
0         C6300005 26/07/22        135481            32                          219.00
2 12        219.00 00        219.00 26/07/22          0000000000000000
0         C6300005 26/07/22        135480            32                           91.24
2 14         91.24 00         91.24 26/07/22          0000000000000000
0         C6300005 26/07/22        135479            32                          216.60
2 14        216.60 00        216.60 26/07/22          0000000000000000
0         C6300005 26/07/22        135478            32                           99.00
2 12         99.00 00         99.00 26/07/22          0000000000000000
0         C6300005 26/07/22        135477            32                          218.20
2 12        218.20 00        218.20 26/07/22          0000000000000000
0         C6300005 26/07/22        135476            32                          283.00
2 14        283.00 00        283.00 26/07/22          0000000000000000
0         C6300005 26/07/22        135475            32                          499.00
2 14        499.00 00        499.00 26/07/22          0000000000000000
0         C6300005 26/07/22        135474            32                          299.00
2 12        299.00 00        299.00 26/07/22          0000000000000000
0         C6300005 26/07/22        135473            32                          242.44
2 12        242.44 00        242.44 26/07/22          0000000000000000
0         C6300005 26/07/22        131240            32                         -128.64
2 12       -128.64 00       -128.64 26/07/22          0000000000000000
0         C6300005 26/07/22        131386            32                          -47.20
2 12        -47.20 00        -47.20 26/07/22          0000000000000000
0         C6300005 26/07/22        131377            32                         -263.30
2 12       -263.30 00       -263.30 26/07/22          0000000000000000
0         C6300005 26/07/22        131475            32                          -60.00
2 12        -60.00 00        -60.00 26/07/22          0000000000000000
0         C6300005 26/07/22        131233            32                          -80.00
2 14        -80.00 00        -80.00 26/07/22          0000000000000000
0         C6300005 26/07/22        126784            32                          -49.84
2 14        -49.84 00        -49.84 26/07/22          0000000000000000
0         C6300005 26/07/22        135472            32                           99.00
2 12         99.00 00         99.00 26/07/22          0000000000000000
0         C6300005 26/07/22        135471            32                          179.00
2 14        179.00 00        179.00 26/07/22          0000000000000000
0         C6300005 26/07/22        135470            32                          353.88
2 12        353.88 00        353.88 26/07/22          0000000000000000
0         C6300005 26/07/22        131523            32                          -50.00
2 12        -50.00 00        -50.00 26/07/22          0000000000000000
0         C6300005 26/07/22        130519            32                         -383.60
2 18       -383.60 00       -383.60 26/07/22          0000000000000000
0         C6300005 26/07/22        130985            32                         -139.44
2 12       -139.44 00       -139.44 26/07/22          0000000000000000
0         C6300005 26/07/22        129525            32                         -230.68
2 12       -230.68 00       -230.68 26/07/22          0000000000000000
0         C6300005 26/07/22        131191            32                         -767.70
2 14       -767.70 00       -767.70 26/07/22          0000000000000000
0         C6300005 26/07/22        131441            32                         -332.60
2 14       -332.60 00       -332.60 26/07/22          0000000000000000
0         C6300005 26/07/22        130505            32                         -298.30
2 12       -298.30 00       -298.30 26/07/22          0000000000000000
0         C6300005 26/07/22        129201            32                         -354.52
2 12       -354.52 00       -354.52 26/07/22          0000000000000000
0         C6300005 26/07/22        131311            32                         -100.00
2 12       -100.00 00       -100.00 26/07/22          0000000000000000
0         C6300005 26/07/22        130883            32                          -69.00
2 14        -69.00 00        -69.00 26/07/22          0000000000000000
0         C6300005 26/07/22        129608            32                         -226.52
2 14       -226.52 00       -226.52 26/07/22          0000000000000000
0         C6300005 26/07/22        130671            32                         -353.40
2 14       -353.40 00       -353.40 26/07/22          0000000000000000
0         C6300005 26/07/22        129786            32                          -40.00
2 14        -40.00 00        -40.00 26/07/22          0000000000000000
0         C6300005 26/07/22        128934            32                          -80.00
2 14        -80.00 00        -80.00 26/07/22          0000000000000000
0         C6300005 26/07/22        128257            32                           -8.00
2 14         -8.00 00         -8.00 26/07/22          0000000000000000
0         C6300005 26/07/22        131075            32                         -263.30
2 12       -263.30 00       -263.30 26/07/22          0000000000000000
0         C6300005 26/07/22        129470            32                          -40.00
2 14        -40.00 00        -40.00 26/07/22          0000000000000000
0         C6300005 26/07/22        130702            32                         -195.44
2 14       -195.44 00       -195.44 26/07/22          0000000000000000
0         C6300005 26/07/22        131471            32                         -242.44
2 12       -242.44 00       -242.44 26/07/22          0000000000000000
0         C6300005 26/07/22        131360            32                         -152.30
2 14       -152.30 00       -152.30 26/07/22          0000000000000000
0         C6300005 26/07/22        128793            32                          -99.00
2 14        -99.00 00        -99.00 26/07/22          0000000000000000
0         C6300005 26/07/22        130001            32                         -409.36
2 14       -409.36 00       -409.36 26/07/22          0000000000000000
0         C6300005 26/07/22        129692            32                         -199.00
2 12       -199.00 00       -199.00 26/07/22          0000000000000000
0         C6300005 26/07/22        128501            32                          -40.00
2 14        -40.00 00        -40.00 26/07/22          0000000000000000
0         C6300005 26/07/22        131150            32                         -119.00
2 14       -119.00 00       -119.00 26/07/22          0000000000000000
0         C6300005 26/07/22        129604            32                         -231.20
2 14       -231.20 00       -231.20 26/07/22          0000000000000000
0         C6300005 26/07/22        130795            32                         -119.00
2 14       -119.00 00       -119.00 26/07/22          0000000000000000
0         C6300005 26/07/22        131237            32                         -169.00
2 14       -169.00 00       -169.00 26/07/22          0000000000000000
0         C6300005 26/07/22        130240            32                          -47.20
2 12        -47.20 00        -47.20 26/07/22          0000000000000000
0         C6300005 26/07/22        128138            32                         -147.00
2 12       -147.00 00       -147.00 26/07/22          0000000000000000
0         C6300005 26/07/22        135469            32                           59.00
2 14         59.00 00         59.00 26/07/22          0000000000000000
0         C6300005 26/07/22        131349            32                         -400.44
2 12       -400.44 00       -400.44 26/07/22          0000000000000000
0         C6300005 26/07/22        130884            32                         -852.52
2 12       -852.52 00       -852.52 26/07/22          0000000000000000
0         C6300005 26/07/22        131199            32                         -500.00
2 14       -500.00 00       -500.00 26/07/22          0000000000000000
0         C6300005 26/07/22        130999            32                          -69.00
2 12        -69.00 00        -69.00 26/07/22          0000000000000000
0         C6300005 26/07/22        135468            32                          179.00
2 12        179.00 00        179.00 26/07/22          0000000000000000
0         C6300005 26/07/22        129598            32                          -71.20
2 12        -71.20 00        -71.20 26/07/22          0000000000000000
0         C6300005 26/07/22        130820            32                         -139.44
2 12       -139.44 00       -139.44 26/07/22          0000000000000000
0         C6300005 26/07/22        135467            32                           99.00
2 12         99.00 00         99.00 26/07/22          0000000000000000
0         C6300005 26/07/22        130312            32                         -298.30
2 14       -298.30 00       -298.30 26/07/22          0000000000000000
0         C6300005 26/07/22        135466            32                           51.00
2 12         51.00 00         51.00 26/07/22          0000000000000000
0         C6300005 26/07/22        131251            32                          -25.00
2 14        -25.00 00        -25.00 26/07/22          0000000000000000
0         C6300005 26/07/22        131095            32                         -203.00
2 12       -203.00 00       -203.00 26/07/22          0000000000000000
0         C6300005 26/07/22        135465            32                          121.40
2 12        121.40 00        121.40 26/07/22          0000000000000000
0         C6300005 26/07/22        128482            32                          -99.00
2 12        -99.00 00        -99.00 26/07/22          0000000000000000
0         C6300005 26/07/22        130780            32                         -528.60
2 12       -528.60 00       -528.60 26/07/22          0000000000000000
0         C6300005 26/07/22        130269            32                          -80.00
2 14        -80.00 00        -80.00 26/07/22          0000000000000000
0         C6300005 26/07/22        131221            32                         -104.00
2 14       -104.00 00       -104.00 26/07/22          0000000000000000
0         C6300005 26/07/22        127571            32                          -32.00
2 14        -32.00 00        -32.00 26/07/22          0000000000000000
0         C6300005 26/07/22        128619            32                          -40.00
2 14        -40.00 00        -40.00 26/07/22          0000000000000000
0         C6300005 26/07/22        131245            32                          -80.00
2 14        -80.00 00        -80.00 26/07/22          0000000000000000
0         C6300005 26/07/22        135464            32                           59.00
2 14         59.00 00         59.00 26/07/22          0000000000000000
0         C6300005 26/07/22        135463            32                          107.00
2 14        107.00 00        107.00 26/07/22          0000000000000000
0         C6300005 26/07/22        126316            32                         -169.40
2 14       -169.40 00       -169.40 26/07/22          0000000000000000
0         C6300005 26/07/22        130211            32                         -319.52
2 12       -319.52 00       -319.52 26/07/22          0000000000000000
0         C6300005 26/07/22        135462            32                           99.00
2 12         99.00 00         99.00 26/07/22          0000000000000000
0         C6300005 26/07/22        135461            32                          179.00
2 14        179.00 00        179.00 26/07/22          0000000000000000
0         C6300005 26/07/22        135460            32                           99.00
2 14         99.00 00         99.00 26/07/22          0000000000000000
0         C6300005 26/07/22        131131            32                         -718.64
2 12       -718.64 00       -718.64 26/07/22          0000000000000000
0         C6300005 26/07/22        135459            32                          134.44
2 12        134.44 00        134.44 26/07/22          0000000000000000
0         C6300005 26/07/22        135458            32                          219.00
2 14        219.00 00        219.00 26/07/22          0000000000000000
0         C6300005 26/07/22        131156            32                          -42.50
2 14        -42.50 00        -42.50 26/07/22          0000000000000000
0         C6300005 26/07/22        131122            32                          -25.00
2 12        -25.00 00        -25.00 26/07/22          0000000000000000
0         C6300005 26/07/22        129152            32                         -160.00
2 14       -160.00 00       -160.00 26/07/22          0000000000000000
0         C6300005 26/07/22        131028            32                          -50.00
2 12        -50.00 00        -50.00 26/07/22          0000000000000000
0         C6300005 26/07/22        128766            32                         -583.80
2 12       -583.80 00       -583.80 26/07/22          0000000000000000
0         C6300005 26/07/22        130124            32                         -362.88
2 12       -362.88 00       -362.88 26/07/22          0000000000000000
0         C6300005 26/07/22        129301            32                         -160.00
2 14       -160.00 00       -160.00 26/07/22          0000000000000000
0         C6300005 26/07/22        129301            32                         -102.40
2 14       -102.40 00       -102.40 26/07/22          0000000000000000
0         C6300005 26/07/22        130223            32                         -186.44
2 14       -186.44 00       -186.44 26/07/22          0000000000000000
0         C6300005 26/07/22        135457            32                          223.80
2 14        223.80 00        223.80 26/07/22          0000000000000000
0         C6300005 26/07/22        129351            32                          -20.00
2 14        -20.00 00        -20.00 26/07/22          0000000000000000
0         C6300005 26/07/22        129351            32                          -60.00
2 14        -60.00 00        -60.00 26/07/22          0000000000000000
0         C6300005 26/07/22        130781            32                         -318.00
2 14       -318.00 00       -318.00 26/07/22          0000000000000000
0         C6300005 26/07/22        130651            32                         -219.00
2 14       -219.00 00       -219.00 26/07/22          0000000000000000
0         C6300005 26/07/22        131100            32                         -193.30
2 12       -193.30 00       -193.30 26/07/22          0000000000000000
0         C6300005 26/07/22        130790            32                          -60.00
2 14        -60.00 00        -60.00 26/07/22          0000000000000000
0         C6300005 26/07/22        130707            32                         -269.00
2 14       -269.00 00       -269.00 26/07/22          0000000000000000
0         C6300005 26/07/22        135456            32                          995.64
2 14        995.64 00        995.64 26/07/22          0000000000000000
0         C6300005 26/07/22        135454            32                          223.80
2 12        223.80 00        223.80 26/07/22          0000000000000000
0         C6300005 26/07/22        135453            32                          298.44
2 12        298.44 00        298.44 26/07/22          0000000000000000
0         C6300005 26/07/22        135452            32                          179.00
2 12        179.00 00        179.00 26/07/22          0000000000000000
0         C6300005 26/07/22        128795            32                         -160.00
2 12       -160.00 00       -160.00 26/07/22          0000000000000000
0         C6300005 26/07/22        129579            32                         -160.00
2 14       -160.00 00       -160.00 26/07/22          0000000000000000
0         C6300005 26/07/22        127066            32                        -1005.60
2 14      -1005.60 00      -1005.60 26/07/22          0000000000000000
0         C6300005 26/07/22        131070            32                        -1047.20
2 12      -1047.20 00      -1047.20 26/07/22          0000000000000000
0         C6300005 26/07/22        131077            32                         -198.00
2 14       -198.00 00       -198.00 26/07/22          0000000000000000
0         C6300005 26/07/22        130838            32                          -75.00
2 14        -75.00 00        -75.00 26/07/22          0000000000000000
0         C6300005 26/07/22        130857            32                         -409.88
2 14       -409.88 00       -409.88 26/07/22          0000000000000000
0         C6300005 26/07/22        131101            32                         -349.30
2 14       -349.30 00       -349.30 26/07/22          0000000000000000
0         C6300005 26/07/22        129866            32                         -160.00
2 14       -160.00 00       -160.00 26/07/22          0000000000000000
0         C6300005 26/07/22        131040            32                         -419.00
2 14       -419.00 00       -419.00 26/07/22          0000000000000000
0         C6300005 26/07/22        130751            32                         -409.88
2 12       -409.88 00       -409.88 26/07/22          0000000000000000
0         C6300005 26/07/22        129807            32                          -40.00
2 14        -40.00 00        -40.00 26/07/22          0000000000000000
0         C6300005 26/07/22        128709            32                         -391.44
2 12       -391.44 00       -391.44 26/07/22          0000000000000000
0         C6300005 26/07/22        135451            32                          281.40
2 14        281.40 00        281.40 26/07/22          0000000000000000
0         C6300005 26/07/22        128841            32                          -40.00
2 12        -40.00 00        -40.00 26/07/22          0000000000000000
0         C6300005 26/07/22        125787            32                          -54.00
2 14        -54.00 00        -54.00 26/07/22          0000000000000000
0         C6300005 26/07/22        125787            32                          -90.00
2 14        -90.00 00        -90.00 26/07/22          0000000000000000
0         C6300005 26/07/22        125780            32                         -653.40
2 14       -653.40 00       -653.40 26/07/22          0000000000000000
0         C6300005 26/07/22        135450            32                          273.64
2 12        273.64 00        273.64 26/07/22          0000000000000000
0         C6300005 26/07/22        135449            32                          359.00
2 14        359.00 00        359.00 26/07/22          0000000000000000
0         C6300005 26/07/22        135448            32                          249.40
2 14        249.40 00        249.40 26/07/22          0000000000000000
0         C6300005 26/07/22        135447            32                          186.44
2 14        186.44 00        186.44 26/07/22          0000000000000000
0         C6300005 26/07/22        135446            32                           74.44
2 12         74.44 00         74.44 26/07/22          0000000000000000
0         C6300005 26/07/22        135445            32                          114.52
2 14        114.52 00        114.52 26/07/22          0000000000000000
0         C6300005 26/07/22        135444            32                          239.48
2 12        239.48 00        239.48 26/07/22          0000000000000000
0         C6300005 26/07/22        135443            32                          179.00
2 14        179.00 00        179.00 26/07/22          0000000000000000
0         C6300005 26/07/22        135442            32                          179.00
2 14        179.00 00        179.00 26/07/22          0000000000000000
0         C6300005 26/07/22        135433            32                          -19.00
2 14        -19.00 00        -19.00 26/07/22          0000000000000000
0         C6300005 26/07/22        135441            32                          197.08
2 12        197.08 00        197.08 26/07/22          0000000000000000
0         C6300005 26/07/22        135440            32                          142.20
2 12        142.20 00        142.20 26/07/22          0000000000000000
0         C6300005 26/07/22        135439            32                          394.04
2 14        394.04 00        394.04 26/07/22          0000000000000000
0         C6300005 26/07/22        135438            32                          136.84
2 14        136.84 00        136.84 26/07/22          0000000000000000
0         C6300005 26/07/22        135437            32                           99.00
2 14         99.00 00         99.00 26/07/22          0000000000000000
0         C6300005 26/07/22        135436            32                          270.20
2 12        270.20 00        270.20 26/07/22          0000000000000000
0         C6300005 26/07/22        135435            32                          259.00
2 14        259.00 00        259.00 26/07/22          0000000000000000
0         C6300005 26/07/22        135434            32                          131.00
2 14        131.00 00        131.00 26/07/22          0000000000000000
0         C6300005 26/07/22        135433            32                          953.08
2 14        953.08 00        953.08 26/07/22          0000000000000000
0         C6300005 26/07/22        135432            32                          350.44
2 12        350.44 00        350.44 26/07/22          0000000000000000
0         C6300005 26/07/22        135431            32                          753.72
2 14        753.72 00        753.72 26/07/22          0000000000000000
0         C6300005 26/07/22        135430            32                          246.92
2 12        246.92 00        246.92 26/07/22          0000000000000000
0         C6300005 26/07/22        135429            32                          159.00
2 14        159.00 00        159.00 26/07/22          0000000000000000
0         C6300005 26/07/22        135428            32                          604.76
2 12        604.76 00        604.76 26/07/22          0000000000000000
0         C6300005 26/07/22        135427            32                          114.44
2 14        114.44 00        114.44 26/07/22          0000000000000000
0         C6300005 26/07/22        135426            32                         1036.04
2 14       1036.04 00       1036.04 26/07/22          0000000000000000
0         C6300005 26/07/22        135425            32                           59.00
2 14         59.00 00         59.00 26/07/22          0000000000000000
0         C6300005 26/07/22        135424            32                          314.20
2 14        314.20 00        314.20 26/07/22          0000000000000000
0         C6300005 26/07/22        126222            32                        -1655.84
2 12      -1655.84 00      -1655.84 26/07/22          0000000000000000
0         C6300005 26/07/22        135423            32                          153.40
2 14        153.40 00        153.40 26/07/22          0000000000000000
0         C6300005 26/07/22        135422            32                           99.00
2 12         99.00 00         99.00 26/07/22          0000000000000000
0         C6300005 26/07/22        135421            32                          227.00
2 12        227.00 00        227.00 26/07/22          0000000000000000
0         C6300005 26/07/22        135420            32                           99.00
2 12         99.00 00         99.00 26/07/22          0000000000000000
0         C6300005 26/07/22        135419            32                          235.80
2 14        235.80 00        235.80 26/07/22          0000000000000000
0         C6300005 26/07/22        135418            32                          158.44
2 12        158.44 00        158.44 26/07/22          0000000000000000
0         C6300005 26/07/22        135417            32                          354.44
2 12        354.44 00        354.44 26/07/22          0000000000000000
0         C6300005 26/07/22        135416            32                          199.00
2 14        199.00 00        199.00 26/07/22          0000000000000000
0         C6300005 26/07/22        135415            32                          353.88
2 12        353.88 00        353.88 26/07/22          0000000000000000
0         C6300005 26/07/22        133771            32                          -19.00
2 14        -19.00 00        -19.00 26/07/22          0000000000000000
0         C6300005 26/07/22        135414            32                          298.44
2 12        298.44 00        298.44 26/07/22          0000000000000000
0         C6300005 26/07/22        135413            32                          259.00
2 14        259.00 00        259.00 26/07/22          0000000000000000
0         C6300005 26/07/22        135412            32                          306.44
2 12        306.44 00        306.44 26/07/22          0000000000000000
0         C6300005 26/07/22        135411            32                           90.20
2 14         90.20 00         90.20 26/07/22          0000000000000000
0         C6300005 26/07/22        135410            32                          259.00
2 18        259.00 00        259.00 26/07/22          0000000000000000
0         C6300005 26/07/22        135409            32                          111.00
2 14        111.00 00        111.00 26/07/22          0000000000000000
0         C6300005 26/07/22        135408            32                           59.00
2 14         59.00 00         59.00 26/07/22          0000000000000000
0         C6300005 26/07/22        135407            32                          214.44
2 12        214.44 00        214.44 26/07/22          0000000000000000
0         C6300005 26/07/22        135406            32                           79.00
2 14         79.00 00         79.00 26/07/22          0000000000000000
0         C6300005 26/07/22        135405            32                          650.44
2 12        650.44 00        650.44 26/07/22          0000000000000000
0         C6300005 26/07/22        135404            32                          216.60
2 12        216.60 00        216.60 26/07/22          0000000000000000
0         C6300005 26/07/22        135403            32                          139.00
2 12        139.00 00        139.00 26/07/22          0000000000000000
0         C6300005 26/07/22        135402            32                           99.00
2 14         99.00 00         99.00 26/07/22          0000000000000000
0         C6300005 26/07/22        135401            32                           99.00
2 14         99.00 00         99.00 26/07/22          0000000000000000
0         C6300005 26/07/22        135400            32                          177.40
2 12        177.40 00        177.40 26/07/22          0000000000000000
0         C6300005 26/07/22        135399            32                          167.00
2 12        167.00 00        167.00 26/07/22          0000000000000000
0         C6300005 26/07/22        135398            32                           74.44
2 14         74.44 00         74.44 26/07/22          0000000000000000
0         C6300005 26/07/22        135397            32                          578.20
2 14        578.20 00        578.20 26/07/22          0000000000000000
0         C6300005 26/07/22        135396            32                          298.44
2 12        298.44 00        298.44 26/07/22          0000000000000000
0         C6300005 26/07/22        135395            32                           90.20
2 12         90.20 00         90.20 26/07/22          0000000000000000
0         C6300005 26/07/22        135394            32                          535.00
2 12        535.00 00        535.00 26/07/22          0000000000000000
0         C6300005 26/07/22        135393            32                          259.00
2 14        259.00 00        259.00 26/07/22          0000000000000000
0         C6300005 26/07/22        135392            32                           98.20
2 14         98.20 00         98.20 26/07/22          0000000000000000
0         C6300005 26/07/22        135391            32                          381.88
2 14        381.88 00        381.88 26/07/22          0000000000000000
0         C6300005 26/07/22        135390            32                          259.00
2 14        259.00 00        259.00 26/07/22          0000000000000000
0         C6300005 26/07/22        135389            32                           59.00
2 12         59.00 00         59.00 26/07/22          0000000000000000
0         C6300005 26/07/22        135388            32                          111.00
2 12        111.00 00        111.00 26/07/22          0000000000000000
0         C6300005 26/07/22        135387            32                          179.00
2 14        179.00 00        179.00 26/07/22          0000000000000000
0         C6300005 26/07/22        135386            32                          248.28
2 14        248.28 00        248.28 26/07/22          0000000000000000
0         C6300005 26/07/22        135385            32                         1063.72
2 14       1063.72 00       1063.72 26/07/22          0000000000000000
0         C6300005 26/07/22        135384            32                           99.00
2 14         99.00 00         99.00 26/07/22          0000000000000000
0         C6300005 26/07/22        135383            32                          387.00
2 12        387.00 00        387.00 26/07/22          0000000000000000
0         C6300005 26/07/22        135382            32                          139.00
2 12        139.00 00        139.00 26/07/22          0000000000000000
0         C6300005 26/07/22        135381            32                          179.00
2 14        179.00 00        179.00 26/07/22          0000000000000000
0         C6300005 26/07/22        135380            32                          126.20
2 14        126.20 00        126.20 26/07/22          0000000000000000
