0         C6300005 06/10/19          1150            32                          196.15
2 14        229.50 00        229.50 06/10/19          0000000000000000
0         C6300005 04/10/19          1149            32                          613.68
2 16        718.00 00        718.00 04/10/19          0000000000000000
0         C6300005 03/10/19          1148            32                          266.67
2 14        312.00 00        312.00 03/10/19          0000000000000000
0         C6300005 03/10/19          1147            32                           49.10
2 14         54.90 00         54.90 03/10/19          0000000000000000
0         C6300005 02/10/19          1146            32                           27.73
2 12         29.90 00         29.90 02/10/19          0000000000000000
0         C6300005 01/10/19          1145            32                          285.98
2 14        329.50 00        329.50 01/10/19          0000000000000000
0         C6300005 01/10/19          1144            32                          185.51
2 14        214.50 00        214.50 01/10/19          0000000000000000
0         C6300005 01/10/19          1143            32                          227.82
2 11        264.00 00        264.00 01/10/19          0000000000000000
0         C6300005 30/09/19          1142            32                          185.51
2 14        214.50 00        214.50 30/09/19          0000000000000000
0         C6300005 29/09/19          1141            32                          228.25
2 14        264.50 00        264.50 29/09/19          0000000000000000
0         C6300005 29/09/19          1140            32                          281.54
2 14        329.40 00        329.40 29/09/19          0000000000000000
0         C6300005 28/09/19          1139            32                          243.25
2 14        279.50 00        279.50 28/09/19          0000000000000000
0         C6300005 28/09/19          1138            32                          185.51
2 14        214.50 00        214.50 28/09/19          0000000000000000
0         C6300005 28/09/19          1137            32                          185.51
2 11        214.50 00        214.50 28/09/19          0000000000000000
0         C6300005 27/09/19          1136            32                          243.25
2 16        279.50 00        279.50 27/09/19          0000000000000000
0         C6300005 26/09/19          1135            32                          185.51
2 11        214.50 00        214.50 26/09/19          0000000000000000
0         C6300005 26/09/19          1134            32                           65.86
2 14         74.50 00         74.50 26/09/19          0000000000000000
0         C6300005 26/09/19          1133            32                          121.41
2 11        139.50 00        139.50 26/09/19          0000000000000000
0         C6300005 22/09/19          1132            32                          716.75
2 14        838.60 00        838.60 22/09/19          0000000000000000
0         C6300005 21/09/19          1131            32                          200.51
2 12        229.50 00        229.50 21/09/19          0000000000000000
0         C6300005 21/09/19          1130            32                           82.95
2 11         94.50 00         94.50 21/09/19          0000000000000000
0         C6300005 21/09/19          1129            32                          116.71
2 12        134.00 00        134.00 21/09/19          0000000000000000
0         C6300005 20/09/19          1128            32                          228.25
2 14        264.50 00        264.50 20/09/19          0000000000000000
0         C6300005 19/09/19          1127            32                          185.51
2 14        214.50 00        214.50 19/09/19          0000000000000000
0         C6300005 19/09/19          1126            32                          270.98
2 14        314.50 00        314.50 19/09/19          0000000000000000
0         C6300005 18/09/19          1125            32                          214.00
2 11        214.00 00        214.00 18/09/19          0000000000000000
0         C6300005 18/09/19          1124            32                          159.50
2 14        159.50 00        159.50 18/09/19          0000000000000000
0         C6300005 17/09/19          1123            32                           39.80
2 14         39.80 00         39.80 17/09/19          0000000000000000
0         C6300005 17/09/19          1122            32                          139.30
2 14        139.30 00        139.30 17/09/19          0000000000000000
0         C6300005 17/09/19          1121            32                           39.80
2 14         39.80 00         39.80 17/09/19          0000000000000000
0         C6300005 17/09/19          1120            32                           39.80
2 14         39.80 00         39.80 17/09/19          0000000000000000
0         C6300005 17/09/19          1119            32                           19.90
2 11         20.73 00         20.73 17/09/19          0000000000000000
0         C6300005 17/09/19          1118            32                           39.80
2 12         39.80 00         39.80 17/09/19          0000000000000000
0         C6300005 17/09/19          1117            32                           39.80
2 11         39.80 00         39.80 17/09/19          0000000000000000
0         C6300005 17/09/19          1116            32                           54.80
2 14         54.80 00         54.80 17/09/19          0000000000000000
0         C6300005 17/09/19          1115            32                           39.80
2 14         39.80 00         39.80 17/09/19          0000000000000000
0         C6300005 17/09/19          1114            32                           54.80
2 14         54.80 00         54.80 17/09/19          0000000000000000
0         C6300005 17/09/19          1113            32                           39.80
2 11         41.91 00         41.91 17/09/19          0000000000000000
0         C6300005 17/09/19          1112            32                           39.80
2 14         41.91 00         41.91 17/09/19          0000000000000000
0         C6300005 17/09/19          1111            32                           19.90
2 14         19.90 00         19.90 17/09/19          0000000000000000
0         C6300005 17/09/19          1110            32                          158.90
2 18        158.90 00        158.90 17/09/19          0000000000000000
0         C6300005 17/09/19          1109            32                           19.90
2 14         20.73 00         20.73 17/09/19          0000000000000000
0         C6300005 17/09/19          1108            32                          269.40
2 14        269.40 00        269.40 17/09/19          0000000000000000
0         C6300005 17/09/19          1107            32                           19.90
2 14         19.90 00         19.90 17/09/19          0000000000000000
0         C6300005 17/09/19          1106            32                          158.90
2 12        158.90 00        158.90 17/09/19          0000000000000000
0         C6300005 17/09/19          1105            32                          129.50
2 16        129.50 00        129.50 17/09/19          0000000000000000
0         C6300005 17/09/19          1104            32                           39.80
2 12         39.80 00         39.80 17/09/19          0000000000000000
0         C6300005 17/09/19          1103            32                           39.80
2 11         39.80 00         39.80 17/09/19          0000000000000000
0         C6300005 17/09/19          1102            32                           39.80
2 14         41.91 00         41.91 17/09/19          0000000000000000
0         C6300005 17/09/19          1101            32                           39.80
2 14         39.80 00         39.80 17/09/19          0000000000000000
0         C6300005 17/09/19          1100            32                           19.90
2 11         19.90 00         19.90 17/09/19          0000000000000000
0         C6300005 17/09/19          1099            32                           59.70
2 12         59.70 00         59.70 17/09/19          0000000000000000
0         C6300005 17/09/19          1098            32                          298.50
2 14        304.93 00        304.93 17/09/19          0000000000000000
0         C6300005 17/09/19          1097            32                           19.90
2 14         19.90 00         19.90 17/09/19          0000000000000000
0         C6300005 17/09/19          1096            32                           19.90
2 12         19.90 00         19.90 17/09/19          0000000000000000
0         C6300005 17/09/19          1095            32                           19.90
2 16         19.90 00         19.90 17/09/19          0000000000000000
0         C6300005 17/09/19          1094            32                           19.90
2 14         19.90 00         19.90 17/09/19          0000000000000000
0         C6300005 17/09/19          1093            32                          154.30
2 11        154.30 00        154.30 17/09/19          0000000000000000
0         C6300005 17/09/19          1092            32                           39.80
2 14         41.91 00         41.91 17/09/19          0000000000000000
0         C6300005 16/09/19          1091            32                           39.80
2 12         41.91 00         41.91 16/09/19          0000000000000000
0         C6300005 16/09/19          1090            32                           19.90
2 14         19.90 00         19.90 16/09/19          0000000000000000
0         C6300005 16/09/19          1089            32                          448.50
2 14        482.33 00        482.33 16/09/19          0000000000000000
0         C6300005 16/09/19          1088            32                          129.50
2 14        129.50 00        129.50 16/09/19          0000000000000000
0         C6300005 16/09/19          1087            32                           19.90
2 11         19.90 00         19.90 16/09/19          0000000000000000
0         C6300005 16/09/19          1086            32                          139.50
2 16        139.50 00        139.50 16/09/19          0000000000000000
0         C6300005 16/09/19          1085            32                           19.90
2 12         19.90 00         19.90 16/09/19          0000000000000000
0         C6300005 16/09/19          1084            32                           19.90
2 12         20.73 00         20.73 16/09/19          0000000000000000
0         C6300005 16/09/19          1083            32                           19.90
2 11         19.90 00         19.90 16/09/19          0000000000000000
0         C6300005 16/09/19          1082            32                           59.70
2 14         59.70 00         59.70 16/09/19          0000000000000000
0         C6300005 16/09/19          1081            32                           19.90
2 14         19.90 00         19.90 16/09/19          0000000000000000
0         C6300005 16/09/19          1080            32                           39.80
2 12         39.80 00         39.80 16/09/19          0000000000000000
0         C6300005 16/09/19          1079            32                           74.70
2 12         74.70 00         74.70 16/09/19          0000000000000000
0         C6300005 16/09/19          1078            32                           19.90
2 11         19.90 00         19.90 16/09/19          0000000000000000
0         C6300005 16/09/19          1077            32                           19.90
2 14         19.90 00         19.90 16/09/19          0000000000000000
0         C6300005 16/09/19          1076            32                           19.90
2 14         19.90 00         19.90 16/09/19          0000000000000000
0         C6300005 16/09/19          1075            32                           19.90
2 14         19.90 00         19.90 16/09/19          0000000000000000
0         C6300005 16/09/19          1074            32                           19.90
2 14         19.90 00         19.90 16/09/19          0000000000000000
0         C6300005 16/09/19          1073            32                           59.70
2 14         62.23 00         62.23 16/09/19          0000000000000000
0         C6300005 16/09/19          1072            32                           34.90
2 11         34.90 00         34.90 16/09/19          0000000000000000
0         C6300005 16/09/19          1071            32                           19.90
2 14         19.90 00         19.90 16/09/19          0000000000000000
0         C6300005 16/09/19          1070            32                           19.90
2 14         19.90 00         19.90 16/09/19          0000000000000000
0         C6300005 16/09/19          1069            32                           99.50
2 12        105.25 00        105.25 16/09/19          0000000000000000
0         C6300005 16/09/19          1068            32                           19.90
2 14         19.90 00         19.90 16/09/19          0000000000000000
0         C6300005 16/09/19          1067            32                           19.90
2 12         20.73 00         20.73 16/09/19          0000000000000000
0         C6300005 16/09/19          1066            32                           39.80
2 11         39.80 00         39.80 16/09/19          0000000000000000
0         C6300005 16/09/19          1065            32                           19.90
2 14         19.90 00         19.90 16/09/19          0000000000000000
0         C6300005 16/09/19          1064            32                           19.90
2 14         19.90 00         19.90 16/09/19          0000000000000000
0         C6300005 16/09/19          1063            32                           19.90
2 11         19.90 00         19.90 16/09/19          0000000000000000
0         C6300005 16/09/19          1062            32                          119.40
2 11        122.36 00        122.36 16/09/19          0000000000000000
0         C6300005 16/09/19          1061            32                           19.90
2 11         19.90 00         19.90 16/09/19          0000000000000000
0         C6300005 16/09/19          1060            32                           39.80
2 12         39.80 00         39.80 16/09/19          0000000000000000
0         C6300005 16/09/19          1059            32                           19.90
2 14         19.90 00         19.90 16/09/19          0000000000000000
0         C6300005 16/09/19          1058            32                           19.90
2 11         19.90 00         19.90 16/09/19          0000000000000000
0         C6300005 16/09/19          1057            32                           19.90
2 12         19.90 00         19.90 16/09/19          0000000000000000
0         C6300005 16/09/19          1056            32                           39.80
2 12         39.80 00         39.80 16/09/19          0000000000000000
0         C6300005 16/09/19          1055            32                           79.60
2 14         85.09 00         85.09 16/09/19          0000000000000000
0         C6300005 16/09/19          1054            32                           39.80
2 14         39.80 00         39.80 16/09/19          0000000000000000
0         C6300005 16/09/19          1053            32                           74.70
2 14         77.23 00         77.23 16/09/19          0000000000000000
0         C6300005 16/09/19          1052            32                           79.60
2 14         82.35 00         82.35 16/09/19          0000000000000000
0         C6300005 16/09/19          1051            32                           34.90
2 12         34.90 00         34.90 16/09/19          0000000000000000
0         C6300005 16/09/19          1050            32                           39.80
2 11         41.91 00         41.91 16/09/19          0000000000000000
0         C6300005 16/09/19          1049            32                           79.60
2 14         79.60 00         79.60 16/09/19          0000000000000000
0         C6300005 16/09/19          1048            32                           19.90
2 14         19.90 00         19.90 16/09/19          0000000000000000
0         C6300005 16/09/19          1047            32                           19.90
2 12         19.90 00         19.90 16/09/19          0000000000000000
0         C6300005 16/09/19          1046            32                           39.80
2 14         39.80 00         39.80 16/09/19          0000000000000000
0         C6300005 16/09/19          1045            32                           19.90
2 14         19.90 00         19.90 16/09/19          0000000000000000
0         C6300005 16/09/19          1044            32                           59.70
2 14         59.70 00         59.70 16/09/19          0000000000000000
0         C6300005 16/09/19          1043            32                           59.70
2 11         62.23 00         62.23 16/09/19          0000000000000000
0         C6300005 16/09/19          1042            32                           19.90
2 11         19.90 00         19.90 16/09/19          0000000000000000
0         C6300005 16/09/19          1041            32                           19.90
2 14         19.90 00         19.90 16/09/19          0000000000000000
0         C6300005 12/09/19          1040            32                           35.00
2 11         35.00 00         35.00 12/09/19          0000000000000000
0         C6300005 12/09/19          1039            32                           50.00
2 11         50.00 00         50.00 12/09/19          0000000000000000
0         C6300005 12/09/19          1038            32                           35.00
2 11         35.00 00         35.00 12/09/19          0000000000000000
0         C6300005 09/09/19          1037            32                           35.00
2 11         35.00 00         35.00 09/09/19          0000000000000000
0         C6300005 09/09/19          1036            32                           50.00
2 11         50.00 00         50.00 09/09/19          0000000000000000
0         C6300005 05/09/19          1035            32                         4792.00
2 00       4792.00 00       4792.00 05/09/19          0000000000000000
0         C6300005 04/09/19          1034            32                          476.00
2 00        476.00 00        476.00 04/09/19          0000000000000000
0         C6300005 04/09/19          1033            32                         3594.00
2 00       3594.00 00       3594.00 04/09/19          0000000000000000
0         C6300005 22/08/19          1028            32                          134.00
2 00        134.00 00        134.00 22/08/19          0000000000000000
0         C6300005 22/08/19          1027            32                          134.00
2 00        134.00 00        134.00 22/08/19          0000000000000000
0         C6300005 22/08/19          1026            32                          134.00
2 00        134.00 00        134.00 22/08/19          0000000000000000
0         C6300005 22/08/19          1025            32                          184.00
2 00        184.00 00        184.00 22/08/19          0000000000000000
0         C6300005 18/08/19          1024            32                           35.00
2 00         35.00 00         35.00 18/08/19          0000000000000000
0         C6300005 18/08/19          1023            32                           35.00
2 00         35.00 00         35.00 18/08/19          0000000000000000
0         C6300005 15/08/19          1022            32                          357.00
2 00        357.00 00        357.00 15/08/19          0000000000000000
0         C6300005 01/08/19          1021            32                          476.00
2 00        476.00 00        476.00 01/08/19          0000000000000000
0         C6300005 31/07/19          1020            32                          119.00
2 00        119.00 00        119.00 31/07/19          0000000000000000
0         C6300005 25/07/19          1018            32                          238.00
2 00        238.00 00        238.00 25/07/19          0000000000000000
0         C6300005 24/07/19          1017            32                          119.00
2 00        119.00 00        119.00 24/07/19          0000000000000000
0         C6300005 24/07/19          1016            32                          169.00
2 00        169.00 00        169.00 24/07/19          0000000000000000
0         C6300005 23/07/19          1015            32                          169.00
2 00        169.00 00        169.00 23/07/19          0000000000000000
0         C6300005 23/07/19          1014            32                          447.00
2 00        447.00 00        447.00 23/07/19          0000000000000000
0         C6300005 23/06/19          1013            32                          109.00
2 00        109.00 00        109.00 23/06/19          0000000000000000
0         C6300005 23/06/19          1012            32                          109.00
2 00        109.00 00        109.00 23/06/19          0000000000000000
0         C6300005 11/04/19          1009            32                           40.00
2 00         40.00 00         40.00 11/04/19          0000000000000000
0         C6300005 28/03/19          1007            32                           20.00
2 00         23.40 00         23.40 28/03/19          0000000000000000
0         C6300005 27/03/19          1006            32                            5.00
2 00          5.85 00          5.85 27/03/19          0000000000000000
0         C6300005 25/03/19          1005            32                           50.00
2 00         58.50 00         58.50 25/03/19          0000000000000000
0         C6300005 18/03/19          1004            32                            1.00
2 00          1.17 00          1.17 18/03/19          0000000000000000
0         C6300005 13/03/19          1003            32                            2.00
2 00          2.34 00          2.34 13/03/19          0000000000000000
0         C6300005 11/03/19          1002            32                           11.00
2 00         11.00 00         11.00 11/03/19          0000000000000000
0         C6300005 11/03/19          1001            32                           10.00
2 00         10.00 00         10.00 11/03/19          0000000000000000
