0         C6300005 29/07/22        136263            32                           90.20
2 12         90.20 00         90.20 29/07/22          0000000000000000
0         C6300005 29/07/22        136262            32                          137.40
2 12        137.40 00        137.40 29/07/22          0000000000000000
0         C6300005 29/07/22        136261            32                          151.00
2 14        151.00 00        151.00 29/07/22          0000000000000000
0         C6300005 29/07/22        136260            32                          184.60
2 12        184.60 00        184.60 29/07/22          0000000000000000
0         C6300005 29/07/22        136259            32                          538.20
2 12        538.20 00        538.20 29/07/22          0000000000000000
0         C6300005 29/07/22        136258            32                          179.00
2 18        179.00 00        179.00 29/07/22          0000000000000000
0         C6300005 29/07/22        136257            32                          248.28
2 14        248.28 00        248.28 29/07/22          0000000000000000
0         C6300005 29/07/22        136256            32                          377.64
2 14        377.64 00        377.64 29/07/22          0000000000000000
0         C6300005 29/07/22        136255            32                          119.00
2 14        119.00 00        119.00 29/07/22          0000000000000000
0         C6300005 29/07/22        136254            32                          139.00
2 12        139.00 00        139.00 29/07/22          0000000000000000
0         C6300005 29/07/22        136253            32                          296.52
2 14        296.52 00        296.52 29/07/22          0000000000000000
0         C6300005 29/07/22        136252            32                           99.00
2 14         99.00 00         99.00 29/07/22          0000000000000000
0         C6300005 29/07/22        136251            32                          258.52
2 12        258.52 00        258.52 29/07/22          0000000000000000
0         C6300005 29/07/22        136250            32                          208.28
2 14        208.28 00        208.28 29/07/22          0000000000000000
0         C6300005 29/07/22        136249            32                          178.20
2 14        178.20 00        178.20 29/07/22          0000000000000000
0         C6300005 29/07/22        136248            32                          521.88
2 14        521.88 00        521.88 29/07/22          0000000000000000
0         C6300005 29/07/22        136247            32                          611.48
2 12        611.48 00        611.48 29/07/22          0000000000000000
0         C6300005 29/07/22        136246            32                          613.50
2 12        613.50 00        613.50 29/07/22          0000000000000000
0         C6300005 29/07/22        136245            32                          178.20
2 12        178.20 00        178.20 29/07/22          0000000000000000
0         C6300005 29/07/22        136244            32                           98.20
2 14         98.20 00         98.20 29/07/22          0000000000000000
0         C6300005 29/07/22        136243            32                          259.00
2 12        259.00 00        259.00 29/07/22          0000000000000000
0         C6300005 29/07/22        136242            32                           99.00
2 14         99.00 00         99.00 29/07/22          0000000000000000
0         C6300005 29/07/22        136241            32                          521.88
2 12        521.88 00        521.88 29/07/22          0000000000000000
0         C6300005 29/07/22        136240            32                           59.00
2 14         59.00 00         59.00 29/07/22          0000000000000000
0         C6300005 29/07/22        136239            32                          335.80
2 14        335.80 00        335.80 29/07/22          0000000000000000
0         C6300005 29/07/22        136238            32                          297.40
2 12        297.40 00        297.40 29/07/22          0000000000000000
0         C6300005 29/07/22        136237            32                          360.76
2 14        360.76 00        360.76 29/07/22          0000000000000000
0         C6300005 29/07/22        136236            32                          354.44
2 14        354.44 00        354.44 29/07/22          0000000000000000
0         C6300005 29/07/22        136235            32                          262.44
2 14        262.44 00        262.44 29/07/22          0000000000000000
0         C6300005 29/07/22        136234            32                          419.00
2 12        419.00 00        419.00 29/07/22          0000000000000000
0         C6300005 29/07/22        136233            32                          259.00
2 12        259.00 00        259.00 29/07/22          0000000000000000
0         C6300005 29/07/22        136232            32                          194.20
2 12        194.20 00        194.20 29/07/22          0000000000000000
0         C6300005 29/07/22        136231            32                          230.20
2 14        230.20 00        230.20 29/07/22          0000000000000000
0         C6300005 29/07/22        136230            32                          259.00
2 14        259.00 00        259.00 29/07/22          0000000000000000
0         C6300005 29/07/22        136229            32                          171.24
2 14        171.24 00        171.24 29/07/22          0000000000000000
0         C6300005 29/07/22        136228            32                          278.20
2 14        278.20 00        278.20 29/07/22          0000000000000000
0         C6300005 29/07/22        136227            32                           67.00
2 12         67.00 00         67.00 29/07/22          0000000000000000
0         C6300005 29/07/22        136226            32                          258.20
2 14        258.20 00        258.20 29/07/22          0000000000000000
0         C6300005 29/07/22        136225            32                          298.44
2 12        298.44 00        298.44 29/07/22          0000000000000000
0         C6300005 29/07/22        136224            32                          381.88
2 14        381.88 00        381.88 29/07/22          0000000000000000
0         C6300005 29/07/22        136223            32                          437.32
2 12        437.32 00        437.32 29/07/22          0000000000000000
0         C6300005 29/07/22        136222            32                          298.44
2 12        298.44 00        298.44 29/07/22          0000000000000000
0         C6300005 29/07/22        136221            32                          139.00
2 14        139.00 00        139.00 29/07/22          0000000000000000
0         C6300005 29/07/22        136220            32                          258.20
2 14        258.20 00        258.20 29/07/22          0000000000000000
0         C6300005 29/07/22        136219            32                           98.20
2 14         98.20 00         98.20 29/07/22          0000000000000000
0         C6300005 29/07/22        136218            32                          404.60
2 12        404.60 00        404.60 29/07/22          0000000000000000
0         C6300005 29/07/22        136217            32                          498.52
2 14        498.52 00        498.52 29/07/22          0000000000000000
0         C6300005 29/07/22        136216            32                          139.00
2 14        139.00 00        139.00 29/07/22          0000000000000000
0         C6300005 29/07/22        136215            32                          239.32
2 12        239.32 00        239.32 29/07/22          0000000000000000
0         C6300005 29/07/22        136214            32                          177.40
2 14        177.40 00        177.40 29/07/22          0000000000000000
0         C6300005 29/07/22        136213            32                          457.64
2 12        457.64 00        457.64 29/07/22          0000000000000000
0         C6300005 29/07/22        136212            32                          375.72
2 14        375.72 00        375.72 29/07/22          0000000000000000
0         C6300005 29/07/22        136211            32                          339.00
2 12        339.00 00        339.00 29/07/22          0000000000000000
0         C6300005 29/07/22        136210            32                           59.00
2 14         59.00 00         59.00 29/07/22          0000000000000000
0         C6300005 29/07/22        136209            32                          259.00
2 12        259.00 00        259.00 29/07/22          0000000000000000
0         C6300005 29/07/22        136208            32                          259.00
2 12        259.00 00        259.00 29/07/22          0000000000000000
0         C6300005 29/07/22        136207            32                          262.20
2 12        262.20 00        262.20 29/07/22          0000000000000000
0         C6300005 29/07/22        136206            32                          549.88
2 12        549.88 00        549.88 29/07/22          0000000000000000
0         C6300005 29/07/22        136205            32                          219.00
2 14        219.00 00        219.00 29/07/22          0000000000000000
0         C6300005 29/07/22        136204            32                          409.88
2 14        409.88 00        409.88 29/07/22          0000000000000000
0         C6300005 29/07/22        136203            32                          324.04
2 14        324.04 00        324.04 29/07/22          0000000000000000
0         C6300005 29/07/22        136202            32                          409.88
2 14        409.88 00        409.88 29/07/22          0000000000000000
0         C6300005 29/07/22        136201            32                          538.44
2 12        538.44 00        538.44 29/07/22          0000000000000000
0         C6300005 29/07/22        136200            32                          287.48
2 14        287.48 00        287.48 29/07/22          0000000000000000
0         C6300005 29/07/22        136199            32                          119.00
2 14        119.00 00        119.00 29/07/22          0000000000000000
0         C6300005 29/07/22        136198            32                           99.00
2 14         99.00 00         99.00 29/07/22          0000000000000000
0         C6300005 29/07/22        136197            32                          271.00
2 14        271.00 00        271.00 29/07/22          0000000000000000
0         C6300005 29/07/22        136196            32                          572.84
2 12        572.84 00        572.84 29/07/22          0000000000000000
0         C6300005 29/07/22        136195            32                          119.00
2 12        119.00 00        119.00 29/07/22          0000000000000000
0         C6300005 29/07/22        136194            32                          354.44
2 12        354.44 00        354.44 29/07/22          0000000000000000
0         C6300005 29/07/22        136193            32                          258.52
2 14        258.52 00        258.52 29/07/22          0000000000000000
0         C6300005 29/07/22        136192            32                         1025.40
2 14       1025.40 00       1025.40 29/07/22          0000000000000000
0         C6300005 29/07/22        136191            32                          353.88
2 12        353.88 00        353.88 29/07/22          0000000000000000
0         C6300005 29/07/22        136190            32                           99.00
2 12         99.00 00         99.00 29/07/22          0000000000000000
0         C6300005 29/07/22        136189            32                          321.64
2 12        321.64 00        321.64 29/07/22          0000000000000000
0         C6300005 29/07/22        136188            32                           79.00
2 12         79.00 00         79.00 29/07/22          0000000000000000
0         C6300005 29/07/22        136187            32                          409.88
2 14        409.88 00        409.88 29/07/22          0000000000000000
0         C6300005 29/07/22        136186            32                           99.00
2 12         99.00 00         99.00 29/07/22          0000000000000000
0         C6300005 29/07/22        136185            32                          160.60
2 12        160.60 00        160.60 29/07/22          0000000000000000
0         C6300005 29/07/22        136184            32                          114.52
2 12        114.52 00        114.52 29/07/22          0000000000000000
0         C6300005 29/07/22        136183            32                          198.92
2 14        198.92 00        198.92 29/07/22          0000000000000000
0         C6300005 29/07/22        136182            32                           99.00
2 14         99.00 00         99.00 29/07/22          0000000000000000
0         C6300005 29/07/22        136181            32                          521.40
2 14        521.40 00        521.40 29/07/22          0000000000000000
0         C6300005 29/07/22        136180            32                           51.00
2 14         51.00 00         51.00 29/07/22          0000000000000000
0         C6300005 29/07/22        136179            32                          381.88
2 12        381.88 00        381.88 29/07/22          0000000000000000
0         C6300005 29/07/22        136178            32                          256.60
2 14        256.60 00        256.60 29/07/22          0000000000000000
0         C6300005 29/07/22        136177            32                          179.00
2 12        179.00 00        179.00 29/07/22          0000000000000000
0         C6300005 29/07/22        136176            32                          425.56
2 14        425.56 00        425.56 29/07/22          0000000000000000
0         C6300005 29/07/22        136175            32                          689.88
2 14        689.88 00        689.88 29/07/22          0000000000000000
0         C6300005 29/07/22        136174            32                          226.20
2 14        226.20 00        226.20 29/07/22          0000000000000000
0         C6300005 29/07/22        136173            32                           70.20
2 14         70.20 00         70.20 29/07/22          0000000000000000
0         C6300005 29/07/22        136172            32                          121.40
2 12        121.40 00        121.40 29/07/22          0000000000000000
0         C6300005 29/07/22        136171            32                         1370.84
2 12       1370.84 00       1370.84 29/07/22          0000000000000000
0         C6300005 29/07/22        136170            32                           97.40
2 14         97.40 00         97.40 29/07/22          0000000000000000
0         C6300005 29/07/22        136169            32                           99.00
2 12         99.00 00         99.00 29/07/22          0000000000000000
0         C6300005 29/07/22        136168            32                           98.20
2 14         98.20 00         98.20 29/07/22          0000000000000000
0         C6300005 29/07/22        136167            32                          552.92
2 14        552.92 00        552.92 29/07/22          0000000000000000
0         C6300005 29/07/22        136166            32                          354.44
2 12        354.44 00        354.44 29/07/22          0000000000000000
0         C6300005 29/07/22        136165            32                           99.00
2 14         99.00 00         99.00 29/07/22          0000000000000000
0         C6300005 29/07/22        136164            32                          139.00
2 12        139.00 00        139.00 29/07/22          0000000000000000
0         C6300005 29/07/22        136163            32                          159.00
2 14        159.00 00        159.00 29/07/22          0000000000000000
0         C6300005 29/07/22        136162            32                           99.00
2 12         99.00 00         99.00 29/07/22          0000000000000000
0         C6300005 29/07/22        136161            32                          455.80
2 14        455.80 00        455.80 29/07/22          0000000000000000
0         C6300005 29/07/22        136160            32                          298.44
2 12        298.44 00        298.44 29/07/22          0000000000000000
0         C6300005 29/07/22        136159            32                          179.00
2 12        179.00 00        179.00 29/07/22          0000000000000000
0         C6300005 29/07/22        136158            32                          262.44
2 14        262.44 00        262.44 29/07/22          0000000000000000
0         C6300005 29/07/22        136157            32                          454.20
2 12        454.20 00        454.20 29/07/22          0000000000000000
0         C6300005 29/07/22        136156            32                           82.20
2 14         82.20 00         82.20 29/07/22          0000000000000000
0         C6300005 29/07/22        136155            32                           39.00
2 12         39.00 00         39.00 29/07/22          0000000000000000
0         C6300005 29/07/22        136154            32                          295.96
2 12        295.96 00        295.96 29/07/22          0000000000000000
0         C6300005 29/07/22        136153            32                           99.00
2 14         99.00 00         99.00 29/07/22          0000000000000000
0         C6300005 29/07/22        136152            32                          403.48
2 12        403.48 00        403.48 29/07/22          0000000000000000
0         C6300005 29/07/22        136151            32                          137.40
2 14        137.40 00        137.40 29/07/22          0000000000000000
0         C6300005 29/07/22        136150            32                          298.44
2 12        298.44 00        298.44 29/07/22          0000000000000000
0         C6300005 29/07/22        136149            32                           39.00
2 14         39.00 00         39.00 29/07/22          0000000000000000
0         C6300005 29/07/22        136148            32                           59.00
2 14         59.00 00         59.00 29/07/22          0000000000000000
0         C6300005 29/07/22        136147            32                           99.00
2 14         99.00 00         99.00 29/07/22          0000000000000000
0         C6300005 29/07/22        136146            32                           99.00
2 12         99.00 00         99.00 29/07/22          0000000000000000
0         C6300005 29/07/22        136145            32                          298.44
2 14        298.44 00        298.44 29/07/22          0000000000000000
0         C6300005 29/07/22        136144            32                           59.00
2 14         59.00 00         59.00 29/07/22          0000000000000000
0         C6300005 29/07/22        136143            32                          554.44
2 12        554.44 00        554.44 29/07/22          0000000000000000
0         C6300005 29/07/22        136142            32                          239.00
2 14        239.00 00        239.00 29/07/22          0000000000000000
0         C6300005 29/07/22        136141            32                           58.20
2 12         58.20 00         58.20 29/07/22          0000000000000000
0         C6300005 29/07/22        136140            32                          118.68
2 14        118.68 00        118.68 29/07/22          0000000000000000
0         C6300005 29/07/22        136139            32                          437.88
2 14        437.88 00        437.88 29/07/22          0000000000000000
0         C6300005 29/07/22        136138            32                          490.20
2 14        490.20 00        490.20 29/07/22          0000000000000000
0         C6300005 29/07/22        136137            32                          245.64
2 18        245.64 00        245.64 29/07/22          0000000000000000
0         C6300005 29/07/22        136136            32                          179.00
2 14        179.00 00        179.00 29/07/22          0000000000000000
0         C6300005 29/07/22        136135            32                          215.00
2 18        215.00 00        215.00 29/07/22          0000000000000000
0         C6300005 29/07/22        136134            32                           99.00
2 12         99.00 00         99.00 29/07/22          0000000000000000
0         C6300005 29/07/22        136133            32                          307.00
2 12        307.00 00        307.00 29/07/22          0000000000000000
0         C6300005 29/07/22        136132            32                          353.40
2 14        353.40 00        353.40 29/07/22          0000000000000000
0         C6300005 29/07/22        136131            32                          235.00
2 12        235.00 00        235.00 29/07/22          0000000000000000
0         C6300005 29/07/22        136130            32                          242.44
2 14        242.44 00        242.44 29/07/22          0000000000000000
0         C6300005 29/07/22        136129            32                          139.00
2 18        139.00 00        139.00 29/07/22          0000000000000000
0         C6300005 29/07/22        136128            32                          266.44
2 12        266.44 00        266.44 29/07/22          0000000000000000
0         C6300005 29/07/22        136127            32                          179.00
2 12        179.00 00        179.00 29/07/22          0000000000000000
0         C6300005 29/07/22        136126            32                          486.52
2 14        486.52 00        486.52 29/07/22          0000000000000000
0         C6300005 29/07/22        136125            32                          259.00
2 14        259.00 00        259.00 29/07/22          0000000000000000
0         C6300005 29/07/22        136124            32                          493.88
2 14        493.88 00        493.88 29/07/22          0000000000000000
0         C6300005 29/07/22        136123            32                          259.00
2 14        259.00 00        259.00 29/07/22          0000000000000000
0         C6300005 29/07/22        136122            32                          409.88
2 12        409.88 00        409.88 29/07/22          0000000000000000
0         C6300005 29/07/22        136121            32                          573.64
2 14        573.64 00        573.64 29/07/22          0000000000000000
0         C6300005 29/07/22        136120            32                          194.44
2 14        194.44 00        194.44 29/07/22          0000000000000000
0         C6300005 29/07/22        136119            32                          119.00
2 14        119.00 00        119.00 29/07/22          0000000000000000
0         C6300005 29/07/22        136118            32                          402.44
2 14        402.44 00        402.44 29/07/22          0000000000000000
0         C6300005 29/07/22        136117            32                           50.20
2 14         50.20 00         50.20 29/07/22          0000000000000000
0         C6300005 29/07/22        136116            32                           99.00
2 14         99.00 00         99.00 29/07/22          0000000000000000
0         C6300005 29/07/22        136115            32                          179.00
2 14        179.00 00        179.00 29/07/22          0000000000000000
0         C6300005 29/07/22        136114            32                          138.20
2 12        138.20 00        138.20 29/07/22          0000000000000000
0         C6300005 29/07/22        136113            32                          265.64
2 14        265.64 00        265.64 29/07/22          0000000000000000
0         C6300005 29/07/22        136112            32                          160.60
2 14        160.60 00        160.60 29/07/22          0000000000000000
0         C6300005 29/07/22        136111            32                          179.00
2 12        179.00 00        179.00 29/07/22          0000000000000000
0         C6300005 29/07/22        136110            32                          241.88
2 14        241.88 00        241.88 29/07/22          0000000000000000
0         C6300005 29/07/22        136109            32                           66.20
2 14         66.20 00         66.20 29/07/22          0000000000000000
0         C6300005 29/07/22        136108            32                          385.72
2 12        385.72 00        385.72 29/07/22          0000000000000000
0         C6300005 29/07/22        136107            32                          178.20
2 12        178.20 00        178.20 29/07/22          0000000000000000
0         C6300005 29/07/22        136106            32                          259.00
2 12        259.00 00        259.00 29/07/22          0000000000000000
0         C6300005 29/07/22        136105            32                           59.00
2 14         59.00 00         59.00 29/07/22          0000000000000000
0         C6300005 29/07/22        136104            32                          335.80
2 12        335.80 00        335.80 29/07/22          0000000000000000
0         C6300005 29/07/22        136103            32                          115.00
2 14        115.00 00        115.00 29/07/22          0000000000000000
0         C6300005 29/07/22        136102            32                          335.80
2 18        335.80 00        335.80 29/07/22          0000000000000000
0         C6300005 29/07/22        136101            32                          274.92
2 12        274.92 00        274.92 29/07/22          0000000000000000
0         C6300005 29/07/22        136100            32                          219.00
2 12        219.00 00        219.00 29/07/22          0000000000000000
0         C6300005 29/07/22        136099            32                           99.00
2 14         99.00 00         99.00 29/07/22          0000000000000000
0         C6300005 29/07/22        136098            32                           59.00
2 14         59.00 00         59.00 29/07/22          0000000000000000
0         C6300005 29/07/22        136097            32                          298.20
2 12        298.20 00        298.20 29/07/22          0000000000000000
0         C6300005 29/07/22        136096            32                          153.40
2 12        153.40 00        153.40 29/07/22          0000000000000000
0         C6300005 29/07/22        136095            32                           79.00
2 12         79.00 00         79.00 29/07/22          0000000000000000
0         C6300005 29/07/22        136094            32                           99.00
2 12         99.00 00         99.00 29/07/22          0000000000000000
0         C6300005 29/07/22        136093            32                          339.00
2 14        339.00 00        339.00 29/07/22          0000000000000000
0         C6300005 29/07/22        136092            32                           59.00
2 12         59.00 00         59.00 29/07/22          0000000000000000
0         C6300005 29/07/22        136091            32                          179.00
2 14        179.00 00        179.00 29/07/22          0000000000000000
0         C6300005 29/07/22        136090            32                          338.20
2 14        338.20 00        338.20 29/07/22          0000000000000000
0         C6300005 29/07/22        136089            32                          179.00
2 14        179.00 00        179.00 29/07/22          0000000000000000
0         C6300005 29/07/22        136088            32                          177.40
2 12        177.40 00        177.40 29/07/22          0000000000000000
0         C6300005 29/07/22        136087            32                           90.92
2 12         90.92 00         90.92 29/07/22          0000000000000000
0         C6300005 29/07/22        136086            32                          217.64
2 12        217.64 00        217.64 29/07/22          0000000000000000
0         C6300005 29/07/22        136085            32                          143.00
2 12        143.00 00        143.00 29/07/22          0000000000000000
0         C6300005 29/07/22        136084            32                          322.44
2 12        322.44 00        322.44 29/07/22          0000000000000000
0         C6300005 29/07/22        136083            32                          211.24
2 18        211.24 00        211.24 29/07/22          0000000000000000
0         C6300005 29/07/22        136082            32                          178.44
2 14        178.44 00        178.44 29/07/22          0000000000000000
0         C6300005 29/07/22        136081            32                           99.00
2 12         99.00 00         99.00 29/07/22          0000000000000000
0         C6300005 29/07/22        136080            32                          594.44
2 12        594.44 00        594.44 29/07/22          0000000000000000
