0         C6300005 17/09/19          1123            32                           39.80
2 14         39.80 00         39.80 17/09/19          0000000000000000
0         C6300005 17/09/19          1122            32                          139.30
2 14        139.30 00        139.30 17/09/19          0000000000000000
0         C6300005 17/09/19          1121            32                           39.80
2 14         39.80 00         39.80 17/09/19          0000000000000000
0         C6300005 17/09/19          1120            32                           39.80
2 14         39.80 00         39.80 17/09/19          0000000000000000
0         C6300005 17/09/19          1119            32                           19.90
2 11         20.73 00         20.73 17/09/19          0000000000000000
0         C6300005 17/09/19          1118            32                           39.80
2 12         39.80 00         39.80 17/09/19          0000000000000000
0         C6300005 17/09/19          1117            32                           39.80
2 11         39.80 00         39.80 17/09/19          0000000000000000
0         C6300005 17/09/19          1116            32                           54.80
2 14         54.80 00         54.80 17/09/19          0000000000000000
0         C6300005 17/09/19          1115            32                           39.80
2 14         39.80 00         39.80 17/09/19          0000000000000000
0         C6300005 17/09/19          1114            32                           54.80
2 14         54.80 00         54.80 17/09/19          0000000000000000
0         C6300005 17/09/19          1113            32                           39.80
2 11         41.91 00         41.91 17/09/19          0000000000000000
0         C6300005 17/09/19          1112            32                           39.80
2 14         41.91 00         41.91 17/09/19          0000000000000000
0         C6300005 17/09/19          1111            32                           19.90
2 14         19.90 00         19.90 17/09/19          0000000000000000
0         C6300005 17/09/19          1110            32                          158.90
2 18        158.90 00        158.90 17/09/19          0000000000000000
0         C6300005 17/09/19          1109            32                           19.90
2 14         20.73 00         20.73 17/09/19          0000000000000000
0         C6300005 17/09/19          1108            32                          269.40
2 14        269.40 00        269.40 17/09/19          0000000000000000
0         C6300005 17/09/19          1107            32                           19.90
2 14         19.90 00         19.90 17/09/19          0000000000000000
0         C6300005 17/09/19          1106            32                          158.90
2 12        158.90 00        158.90 17/09/19          0000000000000000
0         C6300005 17/09/19          1105            32                          129.50
2 16        129.50 00        129.50 17/09/19          0000000000000000
0         C6300005 17/09/19          1104            32                           39.80
2 12         39.80 00         39.80 17/09/19          0000000000000000
0         C6300005 17/09/19          1103            32                           39.80
2 11         39.80 00         39.80 17/09/19          0000000000000000
0         C6300005 17/09/19          1102            32                           39.80
2 14         41.91 00         41.91 17/09/19          0000000000000000
0         C6300005 17/09/19          1101            32                           39.80
2 14         39.80 00         39.80 17/09/19          0000000000000000
0         C6300005 17/09/19          1100            32                           19.90
2 11         19.90 00         19.90 17/09/19          0000000000000000
0         C6300005 17/09/19          1099            32                           59.70
2 12         59.70 00         59.70 17/09/19          0000000000000000
0         C6300005 17/09/19          1098            32                          298.50
2 14        304.93 00        304.93 17/09/19          0000000000000000
0         C6300005 17/09/19          1097            32                           19.90
2 14         19.90 00         19.90 17/09/19          0000000000000000
0         C6300005 17/09/19          1096            32                           19.90
2 12         19.90 00         19.90 17/09/19          0000000000000000
0         C6300005 17/09/19          1095            32                           19.90
2 16         19.90 00         19.90 17/09/19          0000000000000000
0         C6300005 17/09/19          1094            32                           19.90
2 14         19.90 00         19.90 17/09/19          0000000000000000
0         C6300005 17/09/19          1093            32                          154.30
2 11        154.30 00        154.30 17/09/19          0000000000000000
0         C6300005 17/09/19          1092            32                           39.80
2 14         41.91 00         41.91 17/09/19          0000000000000000
0         C6300005 16/09/19          1091            32                           39.80
2 12         41.91 00         41.91 16/09/19          0000000000000000
0         C6300005 16/09/19          1090            32                           19.90
2 14         19.90 00         19.90 16/09/19          0000000000000000
0         C6300005 16/09/19          1089            32                          448.50
2 14        482.33 00        482.33 16/09/19          0000000000000000
