0	C6120000        	23/06/19	15230619	    	015	0015
1	PK91510-08010-11	1         	109.00    	    	0000000.00	          	          
0	C6120000        	23/06/19	15230619	    	015	0015
1	PK90712-08010-11	1         	109.00    	    	0000000.00	          	          
0	C6120000        	11/04/19	15110419	    	015	0015
1	               	2         	20.00     	    	0000000.00	          	          
0	C6120000        	28/03/19	15280319	    	015	0015
1	               	1         	20.00     	    	0000000.00	          	          
0	C6120000        	27/03/19	15270319	    	015	0015
1	PK91778650-4y-5y	2         	1.00      	    	0000000.00	          	          
1	PK91778500-4y-5y	2         	1.00      	    	0000000.00	          	          
1	PK91778500-6y-7y	1         	1.00      	    	0000000.00	          	          
0	C6120000        	25/03/19	15250319	    	015	0015
1	               	1         	50.00     	    	0000000.00	          	          
0	C6120000        	18/03/19	15180319	    	015	0015
1	PK91778650-8y-9y	1         	1.00      	    	0000000.00	          	          
0	C6120000        	13/03/19	15130319	    	015	0015
1	PK91473080-3y-4y	1         	1.00      	    	0000000.00	          	          
1	PK91778500-4y-5y	1         	1.00      	    	0000000.00	          	          
0	C6120000        	11/03/19	15110319	    	015	0015
1	PK91778500-4y-5y	1         	1.00      	    	0000000.00	          	          
0	C6120000        	11/03/19	15110319	    	015	0015
1	PK91778650-10Y-11Y	1         	1.00      	    	0000000.00	          	          
1	PK91778650-12Y-13Y	1         	1.00      	    	0000000.00	          	          
1	PK91778650-4y-5y	1         	1.00      	    	0000000.00	          	          
1	PK91778650-6y-7y	1         	1.00      	    	0000000.00	          	          
1	PK91778650-8y-9y	1         	1.00      	    	0000000.00	          	          
1	PK91778500-10Y-11Y	1         	1.00      	    	0000000.00	          	          
1	PK91778500-12Y-13Y	1         	1.00      	    	0000000.00	          	          
1	PK91778500-4y-5y	1         	1.00      	    	0000000.00	          	          
1	PK91778500-6y-7y	1         	1.00      	    	0000000.00	          	          
1	PK91778500-8y-9y	1         	1.00      	    	0000000.00	          	          
